24,35
0,499
0,498
0,497
0,496
0,495
0,494
0,493
0,492
0,491
0,490
0,489
50,4
50,3
50,2
0,488
50,1
50,0
0,487
0,486
0,485
0,484
49,5
49,4
49,3
49,2
0,483
49,1
49,0
0,482
0,481
48,4
48,3
48,2
48,1
48,0
0,480
0,479
47,5
47,4
47,3
47,2
47,1
47,0
46,4
46,3
46,2
46,1
46,0
0,478
0,477
45,3
45,2
45,1
45,0
0,476
0,475
0,474
44,3
44,2
0,473
0,472
44,1
44,0
0,471
0,470
0,469
0,468
0,467
0,466
0,465
0,464
0,463
0,462
0,461
0,460
0,459
0,458
0,457
0,456
0,455
43,3
43,2
0,454
43,1
43,0
0,453
0,452
0,451
0,450
0,449
0,448
0,447
0,446
0,445
0,444
0,443
0,442
0,441
0,440
0,439
0,438
42,4
42,3
42,2
0,437
42,1
42,0
0,436
0,435
0,434
0,433
0,432
0,431
0,430
0,429
0,428
0,427
0,426
0,425
0,424
0,423
0,422
0,421
41,3
41,2
0,420
41,1
41,0
0,419
0,418
0,417
0,416
0,415
0,414
0,413
0,412
0,411
0,410
0,409
